1D 32 -512.000000 32256.000000	[nbin xmin xmax]
"X"	"Function_0"
0.000000	4.757236
1024.000000	4.361131
2048.000000	7.467743
3072.000000	10.044257
4096.000000	11.081797
5120.000000	14.656172
6144.000000	16.280161
7168.000000	18.562266
8192.000000	21.728047
9216.000000	24.087109
10240.000000	27.558359
11264.000000	30.135000
12288.000000	33.315781
13312.000000	35.535781
14336.000000	37.963125
15360.000000	42.014453
16384.000000	43.472031
17408.000000	47.026797
18432.000000	49.168359
19456.000000	52.543828
20480.000000	55.251172
21504.000000	57.208828
22528.000000	59.803984
23552.000000	62.705312
24576.000000	66.493438
25600.000000	69.605078
26624.000000	70.393828
27648.000000	73.307969
28672.000000	76.143984
29696.000000	78.702187
30720.000000	81.448906
31744.000000	83.528437
