1D 32 -4.000000 252.000000	[nbin xmin xmax]
"X"	"Function_0"
0.000000	28.575859
8.000000	34.803359
16.000000	42.929141
24.000000	52.514141
32.000000	58.654922
40.000000	67.305156
48.000000	73.660312
56.000000	79.393281
64.000000	82.413047
72.000000	80.468906
80.000000	72.338047
88.000000	58.853672
96.000000	34.026562
104.000000	7.635207
112.000000	5.319215
120.000000	4.394964
128.000000	5.110336
136.000000	5.359688
144.000000	5.559906
152.000000	5.619872
160.000000	5.266719
168.000000	4.757801
176.000000	4.126796
184.000000	5.052373
192.000000	4.274730
200.000000	5.250637
208.000000	5.136826
216.000000	5.559457
224.000000	5.654179
232.000000	4.875784
240.000000	4.280512
248.000000	4.753546
