499.401	2.47041
498.918	2.14584
500.001	2.15322
500.681	2.5101
501.663	2.39122
500.874	2.25211
498.11	2.24664
498.447	2.17361
500.813	2.14421
502.024	2.25826
500.596	2.20386
501.376	2.14013
503.691	2.34327
502.129	2.31853
502.772	2.16618
503.801	2.22993
504.885	2.33034
501.096	2.2758
504.668	2.13019
500.002	2.239
502.15	2.01424
502.783	2.30863
503.88	2.18478
503.87	2.35107
503.81	2.44547
502.429	2.0861
506.257	2.27293
505.349	2.14133
506.327	2.3458
505.675	2.31949
509.186	2.25123
507.15	2.41073
509.402	2.19175
508.335	2.13954
509.562	2.23817
509.656	2.41076
510.631	2.30785
508.323	2.08798
509.405	2.42826
509.705	2.13571
507.531	2.1592
510.394	2.1712
508.53	2.19051
510.629	2.30073
511.075	2.21267
509.085	2.38385
507.266	2.27537
507.503	2.40279
510.961	2.16212
510.306	2.22236
509.802	2.4451
511.89	2.33205
512.181	2.26859
509.353	2.36346
513.727	2.4299
512.683	2.2549
511.734	2.09144
518.002	2.33373
515.061	2.16182
514.833	2.27556
513.848	2.5392
513.665	2.12618
514.359	2.2824
511.328	2.22048
513.25	2.28675
516.485	2.16767
516.725	2.10788
515.303	2.31462
519.335	2.36848
516.687	1.98207
516.016	2.38987
513.521	2.24321
520.245	2.10688
515.17	2.40281
516.204	2.34086
518.62	2.21321
515.545	2.38458
517.522	2.24908
514.088	2.47489
517.82	2.44483
517.175	2.35821
515.099	2.25864
515.963	2.32878
515.858	2.25837
517.876	2.07768
515.217	2.04724
516.478	2.26464
515.698	2.0792
518.224	2.1799
520.294	2.392
506.023	1.95191
519.237	2.76063
515.324	2.19899
518.498	2.1436
515.007	2.27333
519.562	2.77022
513.789	2.22532
515.673	2.32994
519.063	2.29094
519.883	2.2247
516.205	2.11313
519.872	2.19809
519.123	2.16034
519.047	2.33745
518.802	2.10557
521.795	2.26806
519.768	2.25533
519.913	2.2159
520.265	2.22111
518.377	2.01035
521.774	2.20561
520.602	2.41243
520.791	2.19942
519.457	2.18091
522.058	2.07162
522.099	2.07827
521.932	2.19281
522.456	2.21172
521.629	2.2547
524.607	2.15197
522.522	2.34205
520.041	2.40017
524.61	2.55519
525.813	2.42688
525.007	2.321
523.369	2.22368
525.621	2.33207
525.257	2.54818
0	0
0	0
0	0
0	0
0	0
0	0
0	0
0	0
0	0
0	0
0	0
0	0
0	0
0	0
0	0
0	0
0	0
0	0
0	0
0	0
0	0
0	0
0	0
0	0
0	0
0	0
0	0
0	0
0	0
0	0
0	0
0	0
0	0
0	0
0	0
0	0
0	0
0	0
0	0
0	0
0	0
0	0
0	0
0	0
0	0
0	0
0	0
0	0
0	0
0	0
0	0
0	0
0	0
0	0
0	0
0	0
0	0
0	0
0	0
0	0
0	0
0	0
0	0
0	0
0	0
0	0
0	0
0	0
0	0
0	0
0	0
0	0
0	0
0	0
0	0
0	0
0	0
0	0
0	0
0	0
0	0
0	0
0	0
0	0
0	0
0	0
0	0
0	0
0	0
0	0
0	0
0	0
0	0
0	0
0	0
0	0
0	0
0	0
0	0
0	0
0	0
0	0
0	0
0	0
0	0
0	0
0	0
0	0
0	0
0	0
0	0
0	0
0	0
0	0
0	0
0	0
0	0
0	0
0	0
0	0
0	0
0	0
0	0
0	0
0	0
0	0
0	0
0	0
