494.606	6.2503
495.025	5.40694
494.705	5.5673
495.091	5.32332
498.771	5.86153
496.594	5.74291
495.282	5.25846
493.633	5.48386
496.194	5.24321
496.866	5.70037
497.247	5.49088
494.501	5.77035
498.44	5.42904
498.925	5.22214
498.475	5.41227
498.509	5.39051
498.886	5.67847
496.578	5.48855
499.533	5.177
496.885	5.56476
497.751	5.10561
498.414	5.47828
500.299	5.48521
497.063	5.49092
500.748	4.90839
496.928	5.38015
501.802	5.2032
501.968	5.12173
500.515	5.39653
501.587	5.851
504.258	5.26008
504.757	5.2961
504.147	5.65847
505.291	5.46164
503.113	5.46839
506.327	5.18985
506.198	5.34863
502.729	5.33715
505.15	5.55809
503.383	5.2365
505.453	5.81865
505.163	5.41581
504.222	5.33811
504.448	5.64224
507.333	5.78159
504.993	5.1868
502.994	5.78928
502.115	5.34818
503.872	5.46466
508.435	5.7303
503.43	5.62149
506.674	5.57277
506.678	5.64416
507.068	5.15525
509.39	5.06195
508.151	5.3347
507.694	5.07982
510.852	5.46375
511.264	5.80937
509.108	5.78057
511.289	6.09291
508.802	5.732
510.379	5.43143
507.155	5.63594
509.592	5.29502
511.593	5.91069
510.785	5.55555
510.826	5.31196
512.625	5.4076
512.184	5.47236
510.326	6.76824
510.326	6.05484
515.814	5.45776
509.55	5.71308
511.546	5.60329
511.197	5.51174
511.591	5.30974
511.103	5.76738
511.517	5.64094
511.136	5.43487
511.561	5.48953
510.523	5.43618
510.239	5.28747
508.83	5.81372
512.053	5.38323
511.5	5.32795
508.897	5.7653
511.582	5.64708
512.736	5.56538
513.611	5.17576
511.028	3.18985
514.151	6.49265
509.813	5.31487
513.544	5.74313
509.536	6.64403
511.616	6.67001
509.568	5.83431
510.692	5.38651
513.103	5.55071
515.656	5.37703
511.401	5.34538
515.997	5.64739
512.656	5.90186
514.809	5.78362
513.971	5.33421
517.252	5.25871
514.996	5.1507
515.068	5.21491
515.649	5.36217
513.006	4.98237
516.097	4.83323
514.604	5.17982
516.532	4.95681
514.985	5.43751
516.704	5.29826
516.575	5.39976
518.336	5.1792
519.086	5.09878
517.293	5.27069
518.255	5.31568
516.247	5.37887
517.322	4.96007
519.952	5.21589
520.262	5.66854
522.192	5.21605
520.438	5.30353
521.481	5.66468
521.448	6.11342
0	0
0	0
0	0
0	0
0	0
0	0
0	0
0	0
0	0
0	0
0	0
0	0
0	0
0	0
0	0
0	0
0	0
0	0
0	0
0	0
0	0
0	0
0	0
0	0
0	0
0	0
0	0
0	0
0	0
0	0
0	0
0	0
0	0
0	0
0	0
0	0
0	0
0	0
0	0
0	0
0	0
0	0
0	0
0	0
0	0
0	0
0	0
0	0
0	0
0	0
0	0
0	0
0	0
0	0
0	0
0	0
0	0
0	0
0	0
0	0
0	0
0	0
0	0
0	0
0	0
0	0
0	0
0	0
0	0
0	0
0	0
0	0
0	0
0	0
0	0
0	0
0	0
0	0
0	0
0	0
0	0
0	0
0	0
0	0
0	0
0	0
0	0
0	0
0	0
0	0
0	0
0	0
0	0
0	0
0	0
0	0
0	0
0	0
0	0
0	0
0	0
0	0
0	0
0	0
0	0
0	0
0	0
0	0
0	0
0	0
0	0
0	0
0	0
0	0
0	0
0	0
0	0
0	0
0	0
0	0
0	0
0	0
0	0
0	0
0	0
0	0
0	0
0	0
