500.357	2.41598
500.105	2.28048
500.242	2.13819
500.986	2.17872
502.781	2.59433
500.851	2.26083
498.466	2.15946
498.345	2.16287
501.676	2.2613
502.799	2.12876
501.023	2.07228
501.234	2.20931
503.835	2.23124
503.246	2.14471
502.186	2.35577
504.157	2.102
503.084	2.16267
500.079	2.2871
504.892	2.0959
501.018	2.25042
503.049	2.32646
502.866	2.36899
504.929	2.27315
503.366	2.19847
504.566	2.2692
501.476	2.04914
505.722	2.2343
505.737	2.38667
505.97	2.13663
506.568	2.24234
507.973	2.23729
508.039	2.11142
508.915	2.35959
509.169	2.14185
508.931	2.10517
509.026	2.18952
511.476	2.20463
507.428	2.10627
510.679	2.32637
508.366	2.01631
508.597	2.21622
509.513	2.19991
507.62	2.31726
508.029	2.33568
509.932	2.48234
510.052	2.3059
507.124	2.33049
507.665	2.33897
509.468	2.14666
511.429	2.40212
509.394	2.21281
511.689	2.17637
511.427	2.15689
509.358	2.23247
513.708	2.31116
511.171	2.19304
513.074	2.17505
515.594	2.42956
515.359	2.2967
513.148	2.3977
513.795	2.61861
512.441	2.15192
513.4	2.41492
512.289	2.45727
511.865	2.18003
515.669	2.28028
514.412	2.19107
514.676	2.33089
517.198	2.08584
516.104	2.18323
515.021	2.4757
514.137	2.42439
519.038	2.2608
514.007	2.17604
515.648	2.24406
517.139	1.88009
515.382	2.10498
516.286	2.36295
513.657	2.39737
516.357	2.15952
516.044	2.42876
516.007	2.30356
515.023	2.26662
515.248	2.17687
516.934	2.26299
515.475	2.28978
515.827	2.15704
515.701	2.30474
516.995	2.24176
518.786	2.45169
507.109	2.23013
520.044	2.47353
515.488	2.40999
517.704	2.21225
516.007	2.18435
518.896	2.41424
513.534	2.03035
514.294	2.20073
517.675	2.2988
519.696	2.28638
515.344	2.17592
520.772	2.25648
518.12	2.03333
519.734	2.22375
518.572	2.11885
521.599	2.16605
518.697	2.27976
519.357	2.17267
521.265	2.17739
518.549	2.24051
522.736	2.28855
519.785	2.15192
522.609	2.31887
519.326	2.40886
521.709	2.23323
522.161	2.22758
522.013	2.33496
523.559	2.4031
522.248	2.22579
525.267	2.06515
522.552	2.12777
522.261	2.24243
525.16	2.02414
525.543	2.2201
525.674	2.15124
524.63	2.24919
526.385	2.34692
525.306	2.39141
0	0
0	0
0	0
0	0
0	0
0	0
0	0
0	0
0	0
0	0
0	0
0	0
0	0
0	0
0	0
0	0
0	0
0	0
0	0
0	0
0	0
0	0
0	0
0	0
0	0
0	0
0	0
0	0
0	0
0	0
0	0
0	0
0	0
0	0
0	0
0	0
0	0
0	0
0	0
0	0
0	0
0	0
0	0
0	0
0	0
0	0
0	0
0	0
0	0
0	0
0	0
0	0
0	0
0	0
0	0
0	0
0	0
0	0
0	0
0	0
0	0
0	0
0	0
0	0
0	0
0	0
0	0
0	0
0	0
0	0
0	0
0	0
0	0
0	0
0	0
0	0
0	0
0	0
0	0
0	0
0	0
0	0
0	0
0	0
0	0
0	0
0	0
0	0
0	0
0	0
0	0
0	0
0	0
0	0
0	0
0	0
0	0
0	0
0	0
0	0
0	0
0	0
0	0
0	0
0	0
0	0
0	0
0	0
0	0
0	0
0	0
0	0
0	0
0	0
0	0
0	0
0	0
0	0
0	0
0	0
0	0
0	0
0	0
0	0
0	0
0	0
0	0
0	0
